total_steps,episode,episode_steps,episode_reward,episode_time,win,repeated,intrinsic_reward,loss,epsilon
30,1,30,-2665.0,10.972186803817749,True,0,0.0,,
62,2,32,-2095.0,11.820658922195435,True,0,0.0,5.408198833465576,0.0
104,3,42,-980.0,19.19712519645691,True,0,0.0,5.973512649536133,0.0
127,4,23,-1152.5,8.703760862350464,True,0,0.0,3.5006511211395264,0.0
166,5,39,-2635.0,16.58499002456665,True,0,0.0,4.8089776039123535,0.0
194,6,28,-1430.0,10.080528259277344,False,0,0.0,6.156944751739502,0.0
285,7,91,-1595.0,65.53372025489807,False,0,0.0,5.209597110748291,0.0
349,8,64,-1625.0,35.46099042892456,False,0,0.0,6.118582248687744,0.0
430,9,81,-1665.0,50.28975987434387,True,0,0.0,6.037690162658691,0.0
458,10,28,-2585.0,20.324538946151733,True,0,0.0,6.453166484832764,0.0
509,11,51,-7045.0,70.49824738502502,False,0,0.0,5.363922119140625,0.0
550,12,41,-2240.0,46.40700173377991,False,0,0.0,6.423157691955566,0.0
584,13,34,-1425.0,13.975405216217041,False,0,0.0,5.7203803062438965,0.0
623,14,39,-3195.0,18.182251453399658,False,0,0.0,6.170550346374512,0.0
651,15,28,-1762.5,10.777711868286133,False,0,0.0,6.266054630279541,0.0
685,16,34,-4140.0,12.595582008361816,False,0,0.0,6.379827976226807,0.0
754,17,69,-1225.0,40.55415487289429,True,0,0.0,5.99532413482666,0.0
790,18,36,-1980.0,14.566854238510132,False,0,0.0,6.406633377075195,0.0
829,19,39,-2910.0,15.281863689422607,False,0,0.0,6.0100507736206055,0.0
868,20,39,-1770.0,16.915905475616455,False,0,0.0,6.214071750640869,0.0
889,21,21,-450.0,7.912162780761719,False,0,0.0,6.084599494934082,0.0
939,22,50,-1987.5,24.83044958114624,True,0,0.0,6.725061893463135,0.0
983,23,44,-1575.0,18.45928406715393,False,0,0.0,6.384916305541992,0.0
1042,24,59,-2342.5,308.04211688041687,True,0,0.0,5.693593978881836,0.0
1071,25,29,-2160.0,10.931395053863525,False,0,0.0,5.212052822113037,0.0
1133,26,62,-2315.0,33.20431613922119,False,0,0.0,5.5763840675354,0.0
1174,27,41,-1490.0,18.265153646469116,False,0,0.0,5.864147663116455,0.0
1207,28,33,-1960.0,13.541486263275146,False,0,0.0,6.0368523597717285,0.0
1303,29,96,-910.0,66.96011567115784,True,0,0.0,5.473268985748291,0.0
1344,30,41,-2500.0,16.902822732925415,True,0,0.0,5.49020528793335,0.0
1371,31,27,-1460.0,9.937431335449219,False,0,0.0,5.408605098724365,0.0
1405,32,34,-2350.0,13.64316463470459,False,0,0.0,5.8264570236206055,0.0
1436,33,31,-2320.0,12.139135360717773,False,0,0.0,5.522732257843018,0.0
1478,34,42,-3015.0,25.414337158203125,False,0,0.0,5.942793846130371,0.0
1509,35,31,-2252.5,12.97972846031189,False,0,0.0,5.684044361114502,0.0
1538,36,29,-2197.5,11.822856664657593,False,0,0.0,5.436424255371094,0.0
1574,37,36,-1360.0,15.899800062179565,False,0,0.0,5.8556108474731445,0.0
1589,38,15,-340.0,6.407152414321899,False,0,0.0,5.64620304107666,0.0
1632,39,43,-1970.0,21.225569248199463,False,0,0.0,5.457098960876465,0.0
1665,40,33,-1605.0,15.531047821044922,False,0,0.0,6.032416820526123,0.0
1687,41,22,-1097.5,9.249179363250732,False,0,0.0,5.588993549346924,0.0
1709,42,22,-1747.5,7.928964614868164,False,0,0.0,5.721349716186523,0.0
1764,43,55,-1730.0,31.228062629699707,False,0,0.0,5.7052226066589355,0.0
1788,44,24,-1508.75,9.089276790618896,False,0,0.0,5.710553169250488,0.0
1821,45,33,-2567.5,12.9627525806427,True,0,0.0,5.723711013793945,0.0
1884,46,63,-1355.0,37.097131967544556,True,0,0.0,5.840123176574707,0.0
1909,47,25,-505.0,9.57715654373169,False,0,0.0,5.6795806884765625,0.0
1959,48,50,-1730.0,23.71429753303528,True,0,0.0,5.502364158630371,0.0
1989,49,30,-2435.0,11.276703357696533,True,0,0.0,5.33827018737793,0.0
2048,50,59,-1657.5,230.13588190078735,True,0,0.0,4.3699750900268555,0.0
2065,51,17,-455.0,5.55181360244751,False,0,0.0,4.0575432777404785,0.0
2110,52,45,-1582.5,19.63900065422058,False,0,0.0,3.855318546295166,0.0
2136,53,26,-2410.0,8.830667972564697,False,0,0.0,3.9583139419555664,0.0
2242,54,106,-990.0,89.66919660568237,False,0,0.0,3.5227210521698,0.0
2343,55,101,-2850.0,74.55293273925781,True,0,0.0,3.7962095737457275,0.0
2371,56,28,-1325.0,10.41539740562439,False,0,0.0,3.395575761795044,0.0
2439,57,68,-1075.0,37.68544101715088,False,0,0.0,3.313711643218994,0.0
2481,58,42,-1727.5,18.240912199020386,False,0,0.0,3.487877368927002,0.0
2516,59,35,-2225.0,12.763878583908081,True,0,0.0,3.3681447505950928,0.0
2550,60,34,-1910.0,12.934536695480347,True,0,0.0,4.399681568145752,0.0
2576,61,26,-1730.0,9.626269340515137,False,0,0.0,3.480984926223755,0.0
2635,62,59,-1600.0,28.455092906951904,True,0,0.0,4.201577663421631,0.0
2679,63,44,-1720.0,17.365999698638916,False,0,0.0,3.76499080657959,0.0
2696,64,17,-1600.0,5.785121202468872,True,0,0.0,3.5432162284851074,0.0
2736,65,40,-1360.0,16.330375909805298,False,0,0.0,4.230101108551025,0.0
2789,66,53,-3047.5,25.24031949043274,True,0,0.0,3.664801597595215,0.0
2829,67,40,-2667.5,16.201668977737427,False,0,0.0,3.735738754272461,0.0
2869,68,40,-1492.5,15.50044298171997,False,0,0.0,3.3807547092437744,0.0
2898,69,29,-1790.0,10.10531234741211,False,0,0.0,3.0478038787841797,0.0
2919,70,21,-1365.0,8.57802939414978,True,0,0.0,4.12641716003418,0.0
2958,71,39,-2845.0,34.69818139076233,False,0,0.0,4.63619327545166,0.0
2985,72,27,-2525.0,17.041921138763428,False,0,0.0,3.5931708812713623,0.0
3040,73,55,-3977.5,351.94324350357056,False,0,0.0,5.401435375213623,0.0
3074,74,34,-1915.0,21.431024312973022,False,0,0.0,4.838652610778809,0.0
3129,75,55,-3550.0,50.18771028518677,True,0,0.0,5.3110504150390625,0.0
3159,76,30,-2617.5,18.89760136604309,True,0,0.0,5.400086402893066,0.0
3197,77,38,-2955.0,28.77983021736145,True,0,0.0,5.770167350769043,0.0
3223,78,26,-1565.0,17.181816577911377,False,0,0.0,5.745174884796143,0.0
3259,79,36,-2580.0,24.569010257720947,False,0,0.0,5.098548889160156,0.0
3306,80,47,-2220.0,37.84115767478943,False,0,0.0,5.594674587249756,0.0
3336,81,30,-3850.0,18.8069007396698,True,0,0.0,5.770650863647461,0.0
3379,82,43,-3410.0,34.52054214477539,False,0,0.0,5.548771381378174,0.0
3405,83,26,-1340.0,17.333621501922607,False,0,0.0,5.446797847747803,0.0
3447,84,42,-4620.0,32.89460730552673,False,0,0.0,5.6429362297058105,0.0
3524,85,77,-1365.0,85.97328066825867,True,0,0.0,5.825960159301758,0.0
3553,86,29,-3302.5,18.919987201690674,True,0,0.0,5.499475479125977,0.0
3588,87,35,-1180.0,24.35515284538269,False,0,0.0,5.71493673324585,0.0
3633,88,45,-1080.0,36.54204487800598,True,0,0.0,5.488805770874023,0.0
3678,89,45,-3280.0,35.02652406692505,False,0,0.0,5.780941009521484,0.0
3707,90,29,-735.0,21.856377840042114,False,0,0.0,5.584546089172363,0.0
3746,91,39,-1790.0,28.24414825439453,False,0,0.0,5.485785484313965,0.0
3775,92,29,-1725.0,19.1034574508667,False,0,0.0,5.432315349578857,0.0
3798,93,23,-2365.0,15.498672723770142,True,0,0.0,5.447154998779297,0.0
3875,94,77,-1887.5,85.59268975257874,False,0,0.0,4.935543060302734,0.0
3916,95,41,-1245.0,31.535011291503906,False,0,0.0,5.79515266418457,0.0
3966,96,50,-2475.0,42.63842248916626,True,0,0.0,5.759836196899414,0.0
4035,97,69,-3405.0,315.4901866912842,True,0,0.0,5.2666401863098145,0.0
4058,98,23,-3490.0,15.09607744216919,True,0,0.0,5.5513505935668945,0.0
4079,99,21,-1135.0,12.426679372787476,False,0,0.0,5.763720512390137,0.0
4106,100,27,-2845.0,17.052528381347656,True,0,0.0,5.549330234527588,0.0
4137,101,31,-1750.0,20.477975368499756,False,0,0.0,5.755518436431885,0.0
4163,102,26,-1150.0,17.828710317611694,False,0,0.0,5.929188251495361,0.0
4192,103,29,-3080.0,17.775510787963867,False,0,0.0,5.387756824493408,0.0
4219,104,27,-490.0,19.05319881439209,False,0,0.0,5.9802470207214355,0.0
4276,105,57,-2220.0,51.6345636844635,True,0,0.0,5.278356552124023,0.0
4340,106,64,-3620.0,63.078598976135254,True,0,0.0,5.163914203643799,0.0
4409,107,69,-940.0,69.52979278564453,False,0,0.0,5.549587726593018,0.0
4438,108,29,-2847.5,20.298969507217407,True,0,0.0,5.857131004333496,0.0
4506,109,68,-3020.0,97.36284589767456,False,0,0.0,5.6018195152282715,0.0
4528,110,22,-1610.0,7.848109722137451,False,0,0.0,5.497106552124023,0.0
4581,111,53,-1942.5,19.954101085662842,False,0,0.0,5.747705459594727,0.0
4623,112,42,-1330.0,13.908447504043579,False,0,0.0,5.508115768432617,0.0
4682,113,59,-2512.5,24.100768089294434,False,0,0.0,5.121399402618408,0.0
4710,114,28,-1337.5,7.863658666610718,False,0,0.0,5.616661071777344,0.0
4729,115,19,-600.0,4.7739036083221436,False,0,0.0,5.323580741882324,0.0
4762,116,33,-2035.0,10.298938274383545,False,0,0.0,5.530152797698975,0.0
4799,117,37,-1275.0,12.122481107711792,False,0,0.0,5.445300579071045,0.0
