total_steps,episode,episode_steps,episode_reward,episode_time,win,timestamp,repeated,loss,epsilon,intrinsic_reward
44,1,44,12.0,4.477886438369751,False,2025-10-25 11:17:39,0,1.974506139755249,0.99957043,0.0
79,2,35,8.0,2.862086296081543,True,2025-10-25 11:17:42,0,3.2805864810943604,0.99922078,0.0
115,3,36,7.0,3.283402442932129,False,2025-10-25 11:17:46,0,1.7824504375457764,0.99886114,0.0
164,4,49,9.0,5.619663715362549,False,2025-10-25 11:17:52,0,6.831234931945801,0.99837163,0.0
209,5,45,10.0,6.778493404388428,False,2025-10-25 11:17:59,0,0.6984913349151611,0.99792208,0.0
233,6,24,7.0,2.6397223472595215,False,2025-10-25 11:18:02,0,6.838343620300293,0.99768232,0.0
286,7,53,8.0,5.523306369781494,False,2025-10-25 11:18:09,0,5.232700824737549,0.99715285,0.0
319,8,33,8.0,2.9372968673706055,True,2025-10-25 11:18:12,0,0.40202412009239197,0.99682318,0.0
351,9,32,9.0,2.656517267227173,False,2025-10-25 11:18:15,0,1.3350194692611694,0.9965035,0.0
381,10,30,10.0,2.371906280517578,False,2025-10-25 11:18:18,0,0.8466345071792603,0.9962038,0.0
422,11,41,9.0,3.831958293914795,False,2025-10-25 11:18:22,0,2.4855759143829346,0.99579421,0.0
453,12,31,7.0,2.731916666030884,False,2025-10-25 11:18:25,0,0.7345088124275208,0.99548452,0.0
505,13,52,11.0,5.343374490737915,False,2025-10-25 11:18:31,0,0.3029244542121887,0.99496504,0.0
531,14,26,8.0,1.989985704421997,False,2025-10-25 11:18:33,0,1.162316918373108,0.9947053,0.0
559,15,28,9.0,2.2392070293426514,False,2025-10-25 11:18:36,0,0.2913103401660919,0.99442558,0.0
595,16,36,7.0,3.1418607234954834,True,2025-10-25 11:18:39,0,1.5095661878585815,0.99406594,0.0
632,17,37,8.0,3.8073947429656982,False,2025-10-25 11:18:43,0,0.36948251724243164,0.99369631,0.0
677,18,45,10.0,8.266125202178955,False,2025-10-25 11:18:52,0,0.4425981044769287,0.99324676,0.0
751,19,74,9.0,18.628233432769775,True,2025-10-25 11:19:12,0,0.5409885048866272,0.9925075,0.0
794,20,43,9.0,7.243683815002441,False,2025-10-25 11:19:19,0,0.2832818329334259,0.99207793,0.0
824,21,30,8.0,3.5631489753723145,False,2025-10-25 11:19:24,0,0.37535253167152405,0.99177823,0.0
873,22,49,12.0,9.682649850845337,True,2025-10-25 11:19:34,0,0.3755215108394623,0.99128872,0.0
908,23,35,10.0,4.636740207672119,False,2025-10-25 11:19:40,0,0.2671372592449188,0.99093907,0.0
934,24,26,7.0,2.988828420639038,True,2025-10-25 11:19:43,0,0.443123996257782,0.99067933,0.0
962,25,28,5.0,3.5526578426361084,True,2025-10-25 11:19:47,0,0.17938821017742157,0.99039961,0.0
995,26,33,9.0,4.486761093139648,False,2025-10-25 11:19:53,0,0.27525702118873596,0.99006994,0.0
1042,27,47,11.0,114.51749515533447,False,2025-10-25 11:21:48,0,0.8275893926620483,0.98960041,0.0
1083,28,41,8.0,9.055706977844238,False,2025-10-25 11:21:58,0,0.3956744372844696,0.98919082,0.0
1116,29,33,7.0,6.240462064743042,False,2025-10-25 11:22:05,0,0.3301108479499817,0.98886115,0.0
1177,30,61,9.0,14.095299005508423,False,2025-10-25 11:22:20,0,0.24767139554023743,0.98825176,0.0
1205,31,28,6.0,4.598369121551514,True,2025-10-25 11:22:25,0,0.2763245701789856,0.98797204,0.0
1254,32,49,10.0,9.929927587509155,True,2025-10-25 11:22:36,0,0.31566691398620605,0.98748253,0.0
1284,33,30,7.0,5.01475191116333,False,2025-10-25 11:22:42,0,5.444208145141602,0.98718283,0.0
1368,34,84,10.0,26.254811763763428,True,2025-10-25 11:23:09,0,1.1735965013504028,0.98634367,0.0
1413,35,45,8.0,7.5298075675964355,False,2025-10-25 11:23:17,0,0.28445419669151306,0.98589412,0.0
1463,36,50,12.0,9.219127416610718,True,2025-10-25 11:23:27,0,0.24922962486743927,0.98539462,0.0
1492,37,29,8.0,4.7226526737213135,False,2025-10-25 11:23:33,0,0.1992298811674118,0.98510491,0.0
1522,38,30,8.0,4.949491262435913,True,2025-10-25 11:23:38,0,0.26710739731788635,0.98480521,0.0
1566,39,44,9.0,9.71730351448059,False,2025-10-25 11:23:49,0,0.2713090777397156,0.98436565,0.0
1613,40,47,8.0,10.058228254318237,False,2025-10-25 11:24:00,0,0.1996789276599884,0.98389612,0.0
1638,41,25,7.0,3.550722360610962,False,2025-10-25 11:24:04,0,0.39593955874443054,0.98364637,0.0
1665,42,27,7.0,4.11417555809021,False,2025-10-25 11:24:09,0,0.20522668957710266,0.98337664,0.0
1712,43,47,8.0,10.244278907775879,False,2025-10-25 11:24:20,0,0.5782978534698486,0.98290711,0.0
1751,44,39,7.0,8.30519723892212,True,2025-10-25 11:24:29,0,0.2360079139471054,0.9825175,0.0
1792,45,41,11.0,8.370317935943604,False,2025-10-25 11:24:38,0,0.23973117768764496,0.98210791,0.0
1835,46,43,9.0,8.919996976852417,True,2025-10-25 11:24:48,0,0.1822252869606018,0.98167834,0.0
1874,47,39,8.0,6.731647253036499,False,2025-10-25 11:24:56,0,0.20572681725025177,0.98128873,0.0
1908,48,34,5.0,5.378756761550903,True,2025-10-25 11:25:02,0,0.2709842920303345,0.98094907,0.0
1939,49,31,7.0,4.823230266571045,True,2025-10-25 11:25:07,0,0.22182312607765198,0.98063938,0.0
1993,50,54,11.0,9.697812557220459,True,2025-10-25 11:25:17,0,0.26498329639434814,0.98009992,0.0
2052,51,59,8.0,48.270164012908936,False,2025-10-25 11:26:06,0,0.3233895003795624,0.97951051,0.0
2082,52,30,7.0,2.6881442070007324,False,2025-10-25 11:26:09,0,0.22598308324813843,0.97921081,0.0
2132,53,50,9.0,5.2435057163238525,True,2025-10-25 11:26:15,0,0.30084362626075745,0.97871131,0.0
2170,54,38,11.0,3.393075704574585,False,2025-10-25 11:26:19,0,0.19183160364627838,0.97833169,0.0
2211,55,41,9.0,3.700291395187378,False,2025-10-25 11:26:23,0,0.26720723509788513,0.9779221,0.0
2256,56,45,12.0,4.405413389205933,False,2025-10-25 11:26:28,0,0.19405198097229004,0.97747255,0.0
2310,57,54,10.0,5.703565835952759,False,2025-10-25 11:26:34,0,0.267443984746933,0.97693309,0.0
2338,58,28,8.0,2.2808964252471924,False,2025-10-25 11:26:36,0,0.44743818044662476,0.97665337,0.0
2369,59,31,8.0,2.3378968238830566,False,2025-10-25 11:26:39,0,0.2140001654624939,0.97634368,0.0
2403,60,34,7.0,2.973419427871704,False,2025-10-25 11:26:42,0,0.23483404517173767,0.97600402,0.0
2473,61,70,32.0,13.71995210647583,False,2025-10-25 11:26:56,0,0.2672279179096222,0.97530472,0.0
2527,62,54,9.0,6.166526556015015,False,2025-10-25 11:27:03,0,0.4355829060077667,0.97476526,0.0
2567,63,40,10.0,3.5827431678771973,True,2025-10-25 11:27:07,0,0.22290606796741486,0.97436566,0.0
2626,64,59,10.0,7.470911979675293,False,2025-10-25 11:27:15,0,0.14793026447296143,0.97377625,0.0
2672,65,46,9.0,5.123814821243286,True,2025-10-25 11:27:20,0,0.22150011360645294,0.97331671,0.0
2714,66,42,10.0,5.1347880363464355,True,2025-10-25 11:27:26,0,0.253050297498703,0.97289713,0.0
2753,67,39,11.0,4.976718425750732,False,2025-10-25 11:27:32,0,0.3231496214866638,0.97250752,0.0
2788,68,35,7.0,3.843395471572876,False,2025-10-25 11:27:36,0,0.2797253727912903,0.97215787,0.0
2827,69,39,13.0,4.191229820251465,False,2025-10-25 11:27:41,0,0.2142324000597,0.97176826,0.0
2865,70,38,9.0,4.273950099945068,False,2025-10-25 11:27:45,0,0.1384584754705429,0.97138864,0.0
2905,71,40,7.0,6.275616645812988,False,2025-10-25 11:27:52,0,0.23979505896568298,0.97098904,0.0
2943,72,38,7.0,6.3768908977508545,False,2025-10-25 11:27:59,0,0.37970224022865295,0.97060942,0.0
2981,73,38,6.0,5.117433786392212,True,2025-10-25 11:28:05,0,0.25587210059165955,0.9702298,0.0
3041,74,60,13.0,95.09415602684021,False,2025-10-25 11:29:41,0,0.22911503911018372,0.9696304,0.0
3088,75,47,11.0,7.881216526031494,True,2025-10-25 11:29:49,0,0.18027101457118988,0.96916087,0.0
3123,76,35,10.0,4.941206693649292,False,2025-10-25 11:29:55,0,0.1870196908712387,0.96881122,0.0
3172,77,49,10.0,8.567736387252808,False,2025-10-25 11:30:04,0,0.18973200023174286,0.96832171,0.0
3206,78,34,7.0,5.619282007217407,True,2025-10-25 11:30:11,0,0.20604857802391052,0.96798205,0.0
3243,79,37,8.0,5.766772031784058,True,2025-10-25 11:30:17,0,0.2645473778247833,0.96761242,0.0
3286,80,43,11.0,7.09429407119751,False,2025-10-25 11:30:26,0,0.25678303837776184,0.96718285,0.0
3315,81,29,6.0,4.625695705413818,False,2025-10-25 11:30:31,0,0.2581962049007416,0.96689314,0.0
3384,82,69,9.0,17.831730842590332,False,2025-10-25 11:30:50,0,0.3069537878036499,0.96620383,0.0
3408,83,24,8.0,4.241253852844238,False,2025-10-25 11:30:55,0,0.36367470026016235,0.96596407,0.0
3452,84,44,10.0,8.964922189712524,False,2025-10-25 11:31:05,0,0.20178723335266113,0.9655245100000001,0.0
3491,85,39,6.0,7.208789825439453,False,2025-10-25 11:31:13,0,0.14628180861473083,0.9651349,0.0
3525,86,34,8.0,5.0393571853637695,False,2025-10-25 11:31:19,0,0.3163949251174927,0.9647952399999999,0.0
3561,87,36,7.0,6.730581760406494,True,2025-10-25 11:31:26,0,0.3174895942211151,0.9644356,0.0
3597,88,36,11.0,6.70126748085022,False,2025-10-25 11:31:34,0,0.22698062658309937,0.96407596,0.0
3632,89,35,11.0,5.917943954467773,False,2025-10-25 11:31:41,0,0.202022522687912,0.96372631,0.0
3656,90,24,8.0,3.482361316680908,False,2025-10-25 11:31:45,0,0.25969257950782776,0.96348655,0.0
3687,91,31,8.0,5.539285659790039,True,2025-10-25 11:31:51,0,0.1844204217195511,0.96317686,0.0
3729,92,42,9.0,8.031889200210571,False,2025-10-25 11:32:00,0,0.2673760652542114,0.96275728,0.0
3767,93,38,12.0,6.920206546783447,True,2025-10-25 11:32:08,0,0.29675525426864624,0.96237766,0.0
3806,94,39,8.0,6.484239101409912,False,2025-10-25 11:32:15,0,0.3426169157028198,0.96198805,0.0
3843,95,37,8.0,7.207382440567017,True,2025-10-25 11:32:23,0,0.20572221279144287,0.96161842,0.0
3881,96,38,11.0,7.457476615905762,False,2025-10-25 11:32:32,0,0.22180241346359253,0.9612388,0.0
3926,97,45,6.0,8.477038383483887,True,2025-10-25 11:32:41,0,0.22144173085689545,0.96078925,0.0
3970,98,44,8.0,7.796594858169556,True,2025-10-25 11:32:49,0,0.45017901062965393,0.96034969,0.0
3993,99,23,6.0,3.7006633281707764,False,2025-10-25 11:32:54,0,0.23596325516700745,0.96011992,0.0
4105,100,112,11.0,104.71937203407288,True,2025-10-25 11:34:39,0,0.23325730860233307,0.95900104,0.0
4142,101,37,10.0,5.364636421203613,True,2025-10-25 11:34:45,0,0.2503271698951721,0.95863141,0.0
4165,102,23,7.0,4.055717945098877,False,2025-10-25 11:34:50,0,0.23997972905635834,0.9584016399999999,0.0
4194,103,29,8.0,4.6830034255981445,False,2025-10-25 11:34:56,0,0.22002354264259338,0.9581119300000001,0.0
4220,104,26,7.0,4.702007293701172,False,2025-10-25 11:35:01,0,0.27269983291625977,0.95785219,0.0
4262,105,42,9.0,7.593698740005493,True,2025-10-25 11:35:10,0,0.22451575100421906,0.95743261,0.0
4312,106,50,10.0,9.338795900344849,True,2025-10-25 11:35:20,0,0.18761277198791504,0.95693311,0.0
4343,107,31,9.0,4.464041233062744,False,2025-10-25 11:35:25,0,0.2425868660211563,0.95662342,0.0
4379,108,36,9.0,5.51605486869812,False,2025-10-25 11:35:32,0,0.20466777682304382,0.95626378,0.0
4405,109,26,9.0,4.151642799377441,False,2025-10-25 11:35:37,0,0.22525295615196228,0.95600404,0.0
4437,110,32,7.0,4.842998266220093,True,2025-10-25 11:35:42,0,0.25451788306236267,0.95568436,0.0
4483,111,46,8.0,6.4656805992126465,False,2025-10-25 11:35:49,0,0.5639856457710266,0.95522482,0.0
4506,112,23,6.0,2.678471088409424,True,2025-10-25 11:35:53,0,0.21047788858413696,0.95499505,0.0
4542,113,36,10.0,4.3501880168914795,True,2025-10-25 11:35:57,0,0.25004178285598755,0.95463541,0.0
4582,114,40,10.0,7.59735369682312,False,2025-10-25 11:36:06,0,0.2319074124097824,0.95423581,0.0
4615,115,33,7.0,5.300652980804443,False,2025-10-25 11:36:12,0,0.23596122860908508,0.95390614,0.0
4642,116,27,7.0,3.6454389095306396,False,2025-10-25 11:36:16,0,0.24471673369407654,0.95363641,0.0
4674,117,32,6.0,4.615976572036743,False,2025-10-25 11:36:21,0,0.2015298306941986,0.9533167300000001,0.0
4705,118,31,5.0,2.960299253463745,True,2025-10-25 11:36:25,0,0.22025351226329803,0.95300704,0.0
4739,119,34,7.0,4.048971176147461,False,2025-10-25 11:36:29,0,0.20691794157028198,0.95266738,0.0
4767,120,28,9.0,2.9000706672668457,False,2025-10-25 11:36:33,0,0.20276638865470886,0.95238766,0.0
4859,121,92,7.0,20.315539121627808,False,2025-10-25 11:36:54,0,0.2663439214229584,0.95146858,0.0
4890,122,31,9.0,4.960454225540161,False,2025-10-25 11:37:00,0,0.1630464345216751,0.95115889,0.0
4930,123,40,7.0,7.688856601715088,False,2025-10-25 11:37:08,0,0.2502593398094177,0.95075929,0.0
4955,124,25,7.0,4.751931428909302,False,2025-10-25 11:37:14,0,0.21163730323314667,0.95050954,0.0
4989,125,34,8.0,5.778003931045532,False,2025-10-25 11:37:21,0,0.25205421447753906,0.95016988,0.0
5045,126,56,12.0,91.25869274139404,False,2025-10-25 11:38:53,0,0.20169638097286224,0.9496104400000001,0.0
5162,127,117,10.0,40.6229567527771,False,2025-10-25 11:39:34,0,0.3618745803833008,0.94844161,0.0
5217,128,55,10.0,10.62567687034607,True,2025-10-25 11:39:46,0,0.2622777819633484,0.94789216,0.0
5247,129,30,8.0,4.8796422481536865,False,2025-10-25 11:39:51,0,0.22170688211917877,0.94759246,0.0
5276,130,29,8.0,3.9970343112945557,False,2025-10-25 11:39:56,0,0.2885100245475769,0.94730275,0.0
5309,131,33,9.0,4.699790954589844,False,2025-10-25 11:40:01,0,0.21663156151771545,0.94697308,0.0
5342,132,33,8.0,4.8332414627075195,False,2025-10-25 11:40:08,0,0.9922246336936951,0.94664341,0.0
5384,133,42,9.0,7.282822608947754,False,2025-10-25 11:40:16,0,0.21080103516578674,0.94622383,0.0
5438,134,54,9.0,10.731530904769897,True,2025-10-25 11:40:27,0,0.22409561276435852,0.9456843699999999,0.0
5468,135,30,7.0,5.239305257797241,False,2025-10-25 11:40:33,0,0.22052522003650665,0.94538467,0.0
5504,136,36,6.0,5.47053599357605,False,2025-10-25 11:40:39,0,0.19971086084842682,0.94502503,0.0
5549,137,45,8.0,8.532665491104126,False,2025-10-25 11:40:49,0,0.22658886015415192,0.94457548,0.0
5578,138,29,8.0,5.132508993148804,True,2025-10-25 11:40:55,0,0.22051315009593964,0.94428577,0.0
5619,139,41,8.0,8.245133399963379,False,2025-10-25 11:41:04,0,0.2452274113893509,0.94387618,0.0
5663,140,44,8.0,8.915769815444946,False,2025-10-25 11:41:13,0,0.3408905863761902,0.94343662,0.0
5703,141,40,10.0,7.2035393714904785,False,2025-10-25 11:41:21,0,0.2677243649959564,0.94303702,0.0
